var cubeObjStr = `# Blender v2.79 (sub 0) OBJ File: 'cube.blend'
# www.blender.org
mtllib cube.mtl
o Cube
v 1.000000 -1.000000 -1.000000
v 1.000000 -1.000000 1.000000
v -1.000000 -1.000000 1.000000
v -1.000000 -1.000000 -1.000000
v 1.000000 1.000000 -0.999999
v 0.999999 1.000000 1.000001
v -1.000000 1.000000 1.000000
v -1.000000 1.000000 -1.000000
vn 0.0000 -1.0000 0.0000
vn 0.0000 1.0000 0.0000
vn 1.0000 0.0000 0.0000
vn -0.0000 -0.0000 1.0000
vn -1.0000 -0.0000 -0.0000
vn 0.0000 0.0000 -1.0000
usemtl Material
s off
f 1//1 2//1 3//1 4//1
f 5//2 8//2 7//2 6//2
f 1//3 5//3 6//3 2//3
f 2//4 6//4 7//4 3//4
f 3//5 7//5 8//5 4//5
f 5//6 1//6 4//6 8//6
`
//3D cube vertex coordinates and indices
var verticesCube =
[ // X, Y, Z
	//Top
	-1.0, 1.0, -1.0,
	-1.0, 1.0, 1.0,
	1.0, 1.0, 1.0,
	1.0, 1.0, -1.0,

  //Left
	-1.0, 1.0, 1.0,
	-1.0, -1.0, 1.0,
	-1.0, -1.0, -1.0,
	-1.0, 1.0, -1.0,

  //Right
	1.0, 1.0, 1.0,
	1.0, -1.0, 1.0,
	1.0, -1.0, -1.0,
	1.0, 1.0, -1.0,

  //Front
	1.0, 1.0, 1.0,
	1.0, -1.0, 1.0,
	-1.0, -1.0, 1.0,
	-1.0, 1.0, 1.0,

  //Back
	1.0, 1.0, -1.0,
	1.0, -1.0, -1.0,
	-1.0, -1.0, -1.0,
	-1.0, 1.0, -1.0,
	// Bottom
	-1.0, -1.0, -1.0,
	-1.0, -1.0, 1.0,
	1.0, -1.0, 1.0,
	1.0, -1.0, -1.0
];

var indicesCube =
[
	// Top
  0, 1, 2,
	0, 2, 3,

	// Left
	5, 4, 6,
	6, 4, 7,

	// Right
	8, 9, 10,
	8, 10, 11,

	// Front
	13, 12, 14,
	15, 14, 12,

	// Back
	16, 17, 18,
	16, 18, 19,

	// Bottom
	21, 20, 22,
	22, 20, 23
];

var uvCube =
[
  //Up
  28.0/632.0, 212.0/640.0,
  28.0/632.0, 582.0/640.0,
  132.0/632.0, 582.0/640.0,
  132.0/632.0, 212.0/640.0,
  // Left
  28.0/632.0, 212.0/640.0,
  132.0/632.0, 212.0/640.0,
  132.0/632.0, 582.0/640.0,
  28.0/632.0, 582.0/640.0,

  // Right
  132.0/632.0, 582.0/640.0,
  28.0/632.0, 582.0/640.0,
  28.0/632.0, 212.0/640.0,
  132.0/632.0, 212.0/640.0,

  // Front
  132.0/632.0, 582.0/640.0,
  132.0/632.0, 212.0/640.0,
  28.0/632.0, 212.0/640.0,
  28.0/632.0, 582.0/640.0,

  // Back
  28.0/632.0, 212.0/640.0,
  28.0/632.0, 582.0/640.0,
  132.0/632.0, 582.0/640.0,
  132.0/632.0, 212.0/640.0,

  // Bottom
  132.0/632.0, 582.0/640.0,
  132.0/632.0, 212.0/640.0,
  28.0/632.0, 212.0/640.0,
  28.0/632.0, 582.0/640.0
];
